[gd_scene format=3 uid="uid://cugyfhgvt462t"]

[ext_resource type="Texture2D" uid="uid://gm3x8bywkh8g" path="res://Textures/Kenney_Texture(the_base_plate)/Vector/texture_08.svg" id="1_6l7je"]
[ext_resource type="PackedScene" uid="uid://c3dxtwqjhqdyp" path="res://Scenes/player.tscn" id="1_52fb6"]

[sub_resource type="ProceduralSkyMaterial" id="ProceduralSkyMaterial_6adnx"]
sky_horizon_color = Color(0.66224277, 0.6717428, 0.6867428, 1)
ground_horizon_color = Color(0.66224277, 0.6717428, 0.6867428, 1)

[sub_resource type="Sky" id="Sky_uhqqe"]
sky_material = SubResource("ProceduralSkyMaterial_6adnx")

[sub_resource type="Environment" id="Environment_ia1lp"]
background_mode = 2
sky = SubResource("Sky_uhqqe")
glow_enabled = true

[sub_resource type="StandardMaterial3D" id="StandardMaterial3D_3dogw"]
albedo_texture = ExtResource("1_6l7je")
uv1_triplanar = true
uv1_world_triplanar = true

[node name="World" type="Node" unique_id=1729474927]

[node name="Test Scene" type="Node3D" parent="." unique_id=2106800362]

[node name="WorldEnvironment" type="WorldEnvironment" parent="Test Scene" unique_id=1191501515]
environment = SubResource("Environment_ia1lp")

[node name="DirectionalLight3D" type="DirectionalLight3D" parent="Test Scene" unique_id=567028481]
transform = Transform3D(-0.8660254, -0.43301278, 0.25, 0, 0.49999997, 0.86602545, -0.50000006, 0.75, -0.43301266, 0, 0, 0)
shadow_enabled = true

[node name="Floor" type="CSGBox3D" parent="Test Scene" unique_id=85030451]
transform = Transform3D(100, 0, 0, 0, 1, 0, 0, 0, 100, -0.090883255, -0.037664413, 0.23262978)
use_collision = true
material = SubResource("StandardMaterial3D_3dogw")

[node name="Tall Box" type="CSGBox3D" parent="Test Scene" unique_id=699914123]
transform = Transform3D(0.9999928, 0.003373959, 0.0017405683, -0.0033647562, 0.99998057, -0.005261749, -0.0017582926, 0.005255853, 0.9999846, 7.2745214, 2.201493, 3.1662147)
size = Vector3(1.7866821, 3.25, 1)

[node name="Tall Box2" type="CSGBox3D" parent="Test Scene" unique_id=410626955]
transform = Transform3D(0.9999928, 0.003373959, 0.0017405683, -0.0033647562, 0.99998057, -0.005261749, -0.0017582926, 0.005255853, 0.9999846, 3.4469848, 2.201493, 3.1662147)
size = Vector3(1.7866821, 3.25, 1)

[node name="Short Box" type="CSGBox3D" parent="Test Scene" unique_id=1233938353]
transform = Transform3D(0.9999928, 0.003373959, 0.0017405683, -0.0033647562, 0.99998057, -0.005261749, -0.0017582926, 0.005255853, 0.9999846, -3.4607925, 1.4933436, 3.321125)
size = Vector3(1.7866821, 1.8286133, 1)

[node name="Short Box2" type="CSGBox3D" parent="Test Scene" unique_id=1453208340]
transform = Transform3D(0.9999928, 0.003373959, 0.0017405683, -0.0033647562, 0.99998057, -0.005261749, -0.0017582926, 0.005255853, 0.9999846, -3.4607925, 1.4933436, -1.4350662)
size = Vector3(1.7866821, 1.8286133, 1)

[node name="Player" parent="." unique_id=1684661467 instance=ExtResource("1_52fb6")]
transform = Transform3D(1, 0, 0, 0, 1, 0, 0, 0, 1, 0, 1.5, 0)
